11
17
29
41
59
71
101
107
137
149
179
191
197
227
239
269
281
311
347
419
431
461
521
569
599
617
641
659
809
821
827
857
881
1019
1031
1049
1061
1091
1151
1229
1277
1289
1301
1319
1427
1451
1481
1487
1607
1619
1667
1697
1721
1787
1871
1877
1931
1949
1997
2027
2081
2087
2111
2129
2141
2237
2267
2309
2339
2381
2549
2591
2657
2687
2711
2729
2789
2801
2969
2999
3119
3167
3251
3257
3299
3329
3359
3371
3389
3461
3467
3527
3539
3557
3581
3671
3767
3821
3851
3917
3929
4001
4019
4049
4091
4127
4157
4217
4229
4241
4259
4271
4337
4421
4481
4517
4547
4637
4649
4721
4787
4799
4931
4967
5009
5021
377
401
437
479
611
701
839
1157
1259
1409
1511
1529
1649
1661
1739
1751
1829
1907
1919
2171
2291
2417
2447
2507
2519
2717
2837
2909
3047
3179
3191
3347
3497
3587
3779
3797
3959
3971
4199
4301
4379
4391
4397
4589
4679
4727
4817
4889
4997
5027
221
251
449
629
779
977
989
1037
1079
1271
1469
1637
1859
1889
1961
1991
2159
2297
2459
2531
2741
2921
2927
3137
3317
3599
3611
3629
3641
3677
3749
4169
4307
4367
4469
4511
167
209
527
767
851
941
947
1067
1109
1241
1331
1571
1709
1781
2069
2369
2477
2537
2561
2627
2669
2867
2939
3011
3131
3401
3419
3791
4061
4349
4577
4631
4769
4841
4871
4901
317
389
557
587
647
737
899
1217
1361
1397
1439
1577
1679
2117
2207
2321
2411
2579
2699
2879
2897
3041
3209
3377
3509
3947
4211
4757
731
797
911
1499
1691
2039
2279
2327
2489
2981
3077
3107
3149
3551
4007
4187
4559
4811
4937
1007
1817
1901
2057
2201
2831
3089
3569
3887
4409
4601
4607
5039
1187
1247
2501
2957
3287
3431
3761
3881
4847
1199
2249
3221
3707
3809
4451
4859
689
1457
2351
2759
2951
3839
4031
4427
4661
4691
491
1367
2747
2771
4097
4139
4181
3161
3977
407
671
4439
4619
3737
359
1541
4829
4979
3989
1847
3719
2099
2621
1121
869
3341
