11
17
29
41
59
71
101
107
137
149
179
191
197
227
239
269
281
311
347
419
431
461
521
569
599
617
641
659
809
821
827
857
881
1019
1031
1049
1061
1091
1151
1229
1277
1289
1301
1319
1427
1451
1481
1487
1607
1619
1667
1697
1721
1787
1871
1877
1931
1949
1997
2027
2081
2087
2111
2129
2141
2237
2267
2309
2339
2381
2549
2591
2657
2687
2711
2729
2789
2801
2969
2999
3119
3167
3251
3257
3299
3329
3359
3371
3389
3461
3467
3527
3539
3557
3581
3671
3767
3821
3851
3917
3929
4001
4019
4049
4091
4127
4157
4217
4229
4241
4259
4271
4337
4421
4481
4517
4547
4637
4649
4721
4787
4799
4931
4967
5009
5021
5099
5231
5279
5417
5441
5477
5501
5519
5639
5651
5657
5741
5849
5867
5879
6089
6131
6197
6269
6299
6359
6449
6551
6569
6659
6689
6701
6761
6779
6791
6827
6869
6947
6959
7127
7211
7307
7331
7349
7457
7487
7547
7559
7589
7757
7877
7949
8009
8087
8219
8231
8291
8387
8429
8537
8597
8627
8819
8837
8861
8969
8999
9011
9041
9239
9281
9341
9419
9431
9437
9461
9629
9677
9719
9767
9857
9929
10007
10037
10067
10091
10139
10271
10301
10331
10427
10457
10499
10529
10709
10859
10889
10937
11057
11069
11117
11159
11171
11351
11489
11549
11699
11717
11777
11831
11939
11969
12041
12071
12107
12161
12239
12251
12377
12539
12611
12821
12917
13001
13007
13217
13337
13397
13679
13691
13709
13721
13757
13829
13877
13901
13931
13997
14009
14081
14249
14321
14387
14447
14549
14561
14591
14627
14867
15137
15269
15287
15329
15359
15581
15641
15647
15731
15737
15887
15971
16061
16067
16139
16187
16229
16361
16451
16631
16649
16691
16829
16901
16979
17027
17189
17207
17291
17387
17417
17489
17579
17597
17657
17681
17747
17789
17837
17909
17921
17957
17987
18041
18047
18059
18119
18131
18251
18287
18311
18521
18539
18911
18917
19079
19139
19181
19211
19379
19421
19427
19469
19541
19697
19751
19841
19889
19961
19991
20021
20147
20231
20357
20441
20477
20507
20549
20639
20717
20747
20771
20807
20897
20981
21011
21017
21059
21191
21317
21377
21491
21521
21557
21587
21599
21611
21647
21737
21839
22037
22091
22109
22157
22271
22277
22367
22481
22541
22571
22619
22637
22697
22739
22859
22961
23027
23039
23057
23201
23291
23369
23537
23561
23627
23669
23687
23741
23831
23909
24107
24179
24371
24419
24917
24977
25031
25169
25301
25307
25409
25469
25577
25601
25799
25847
25931
25997
26111
26249
26261
26681
26699
26711
26729
26861
26879
26891
26951
27059
27107
27239
27281
27407
27479
27527
27539
27581
27689
27737
27749
27791
27917
27941
28097
28109
28181
28277
28307
28349
28409
28547
28571
28619
28661
28751
29021
29129
29207
29387
29399
29567
29669
29759
29879
30011
30089
30137
30269
30389
30467
30491
30557
30839
30851
30869
31079
31121
31151
31181
31247
31319
31391
31511
31541
31721
31727
31769
31847
32027
32057
32117
32141
32189
32297
32321
32369
32411
32441
32531
32561
32609
32717
32801
32831
32909
32939
32969
33071
33149
33179
33287
33329
33347
33587
33599
33617
33749
33767
33809
33827
34031
34127
34157
34211
34259
34301
34367
34469
34499
34511
34589
34649
34757
34841
34847
34961
35051
35081
35279
35447
35507
35531
35591
35729
35801
35837
35897
36011
36107
36341
36467
36527
36779
36791
36899
36929
37019
37199
37307
37337
37361
37547
37571
37589
37691
37781
37811
37991
38237
38327
38447
38459
38567
38609
38651
38669
38711
38747
38921
39041
39161
39227
39239
39341
39371
39509
39827
39839
40037
40127
40151
209
317
377
527
911
1067
1199
1439
1529
1637
1661
1751
1859
1901
1961
2249
2321
2519
2579
3077
3221
3287
3569
3641
3707
3809
3881
3947
3959
4061
4211
4301
4379
4451
4817
4859
4997
5267
5729
5771
5861
5951
5987
6029
6119
6497
6509
6737
7031
7067
7097
7337
7379
7391
7421
7799
7991
8159
8327
8357
8411
8459
8501
8549
8669
8711
8801
8849
8879
8957
9047
9071
9089
9209
9227
9347
9467
9599
9617
9671
9701
9731
9809
9941
10229
10571
10649
10739
10811
10877
10919
11021
11027
11099
11399
11447
11507
11651
11747
11861
12221
12389
12581
12767
12827
12851
12911
12947
12959
13229
13271
13289
13577
14099
14177
14219
14261
14309
14597
14729
14897
15011
15017
15119
15299
15311
15341
15497
15611
15719
15779
15917
15947
16157
16181
16211
16277
16391
16487
16571
16589
16601
16871
16949
17009
17237
17471
17831
17849
18071
18281
18467
18587
18689
18701
18731
18887
18899
19037
19097
19121
19151
19307
19349
19769
19781
19847
19937
20327
20339
20567
20579
20597
20831
21149
21239
21659
21809
21821
21869
21977
22607
22649
22661
22667
22709
22877
22991
23069
23099
23267
23279
23327
23519
23867
23981
24131
24257
24341
24461
24557
24599
24707
24779
24851
24947
25127
25199
25217
25259
25379
25397
25517
25607
25661
25787
26039
26429
26531
26627
26819
26867
26897
27089
27257
27437
27611
27887
27959
28127
28169
28391
28499
28559
28577
28709
28829
28871
28937
29081
29171
29177
29417
29441
29507
29537
29609
29681
29801
29819
29861
30059
30167
30251
30299
30521
30599
30629
30659
30677
30941
31007
31019
31067
31091
31229
31487
31559
31781
31901
31907
31931
31949
32147
32327
32351
32549
32741
33041
33359
33527
33779
33839
33881
34061
34091
34187
34289
34397
34409
34439
34691
34889
35069
35219
35297
35387
35669
35681
35759
35939
36047
36101
36221
36329
36509
36551
36641
36917
36941
36947
37097
37157
37169
37229
37367
37391
37817
37871
38117
38189
38219
38249
38657
38831
38909
39077
39311
39377
39491
39521
39581
39677
39887
39911
40169
40307
401
407
557
731
1007
1259
1331
1367
1397
1499
1577
1709
1829
1889
1919
2117
2171
2627
2699
2759
2921
3419
3677
3749
3989
4169
4559
4691
4811
4979
5027
5177
5189
5291
5387
5471
5711
5891
6287
6371
6479
6539
6581
6611
6899
6917
6989
7001
7079
7319
7361
7619
7697
7829
7967
8021
8171
8177
8921
9017
9029
9179
9257
9377
9557
9761
9797
9887
9977
10181
10439
10487
10511
10727
10817
10931
11327
11537
11579
11741
11759
11819
11927
11999
12029
12149
12317
12491
12599
12641
12839
13061
13121
13169
13247
13367
13469
13511
13667
13799
13889
13919
14207
14801
15149
15161
15317
15347
15539
15689
16097
16517
16529
16661
16727
16739
16859
16907
16937
16967
17147
17201
17219
17369
17999
18089
18167
18227
18257
18269
18491
18497
18617
18707
19067
19511
19721
19877
19907
20159
20471
20519
20861
20891
21107
21197
21359
21419
21437
21461
21767
21857
22121
22289
22427
22451
22751
22781
23171
23339
23351
23447
23507
23591
24041
24119
24161
24209
24587
24611
24719
24887
25391
25481
25547
25637
25679
25811
25901
25979
26021
26141
26219
26321
26459
27077
27197
27371
27467
27551
27647
27821
27857
28067
28151
28241
28319
28529
28811
28877
28979
29189
29201
29837
29927
30179
30239
30281
30479
30587
31139
31187
31427
31607
31649
31697
31961
32279
32381
32399
32507
32519
32687
32897
32981
33077
33119
33137
33401
33557
33959
34001
34019
34049
34379
34661
34679
34721
34829
35129
35141
35237
35261
35291
35339
35459
35549
35891
36149
36287
36401
36599
36689
36731
36857
36977
37031
37061
37241
37349
37529
37607
37769
37979
38159
38261
38489
38777
39017
39047
39059
39131
39209
39281
39407
39437
40049
40097
40277
40301
389
479
647
671
989
1079
1187
1241
1247
1361
1541
1649
1691
1781
1907
2417
2531
2621
2771
3161
3341
3377
4679
4829
4937
5051
5531
5897
6071
6257
6329
6647
6719
6749
6857
7151
7241
7277
7451
7787
7871
7979
8261
8441
8567
8681
9299
9407
9449
9659
9689
9881
10049
10151
10289
10517
10679
10751
10979
11087
11369
11477
11567
11789
11801
11897
11987
12359
12671
12749
13019
13127
13331
13379
13409
13439
13631
13961
14057
14429
14471
14501
14507
14639
14687
14759
14951
15107
15437
15521
15749
15791
15851
15899
15989
16031
16127
16379
17117
17279
17411
17441
17609
18161
18239
18341
18407
18629
19007
19109
19457
19589
19667
19799
19931
20219
20261
20537
20999
21137
21629
21797
21827
21911
22019
22151
22301
22691
22871
22919
23111
23207
23579
23927
24047
24551
24641
24761
24797
24971
25007
25049
25061
25097
25337
25421
25559
25721
26027
26069
26177
26267
26489
27101
27191
27341
27509
27707
27731
27761
27899
27971
28139
28199
28289
28457
28601
28667
28769
28949
29009
29249
29261
29339
29627
29807
29921
29999
30029
30047
30209
30377
30419
30647
30809
30887
30977
31457
31481
31499
31571
31637
31679
31859
31877
31937
31979
32111
32309
32447
32927
32951
32987
33197
33221
33251
33317
33611
33629
33659
33707
33911
34121
34241
34421
34577
34619
34901
34931
35099
35267
35717
35981
36089
36257
36269
36311
36317
36389
36677
36707
36809
36971
37181
37271
37397
37787
37799
38207
38231
38387
38579
39071
39119
39659
39689
39749
39791
39917
40007
359
449
491
689
1109
1469
1739
1847
2201
2867
2951
3149
3719
4031
4307
4427
4439
5069
5321
5459
5561
5567
5837
6059
6161
6341
7169
7727
7937
7961
8039
8471
8609
9479
9971
10121
10187
10259
10391
10481
11141
11237
11909
12011
12077
12461
12497
12737
12797
12977
13049
13187
13481
13649
13787
14111
14351
14477
14657
14681
14711
14741
14771
14807
14879
15047
15179
15227
15431
15509
15527
15929
16151
16397
16481
16559
16607
16757
16787
16811
17069
17159
17321
17537
17627
17651
18101
18299
18377
18437
18671
18719
18791
18959
19259
19517
19919
20117
20177
20387
20591
20609
20729
20777
20819
20849
21431
22217
22229
22907
23549
23621
23717
23789
24089
24251
24287
24401
24467
24539
24677
24881
25019
25367
25427
25589
25859
25937
26057
26189
26351
26357
27659
27869
28157
28211
28337
28517
29087
29297
29429
29969
30017
30227
30551
30911
31037
31061
31217
31301
31331
31349
32099
32579
32591
32657
32789
33581
34451
34457
34997
35381
35489
35711
35879
36017
36059
36431
36611
37067
37559
37619
37661
37757
38321
38471
38531
39101
39587
39647
39707
39929
40121
40211
40217
167
221
1037
1817
2057
2207
2369
2561
2837
2909
3191
3431
3611
3797
4349
4391
4577
5039
5219
5309
5351
5597
5909
5921
6401
6677
6911
7289
7601
7667
8117
8591
8717
8759
9311
9551
9899
10061
10277
10607
11267
11531
11687
12347
12407
12431
12881
13541
13751
13859
14087
14381
14717
14969
15401
15599
15707
15761
15767
15809
15959
15977
16307
16817
17711
17807
18077
18197
18419
18869
19277
19301
19331
19571
19601
19811
20057
20351
20561
21407
21449
21617
21641
21947
22079
22241
22319
22469
22529
23309
23477
23747
23771
24011
24149
24167
25511
25631
25871
25967
26009
26051
26597
26909
26921
27017
27131
27311
27359
27947
27989
28037
28247
28361
28379
28739
28787
28961
29747
29831
30221
30449
30857
31109
31361
31469
31817
32087
32339
32861
33209
33377
33407
33641
34607
34877
35171
35471
35561
36371
36437
36479
36557
36761
37127
37277
37319
37631
37829
38111
38441
38987
39449
39467
39761
39959
40001
40181
40319
251
1511
2297
2459
2717
2747
2939
3209
3497
3551
3599
3761
3977
4199
4397
4589
4889
5147
5609
5681
5687
6077
6281
6971
7499
7517
7577
8051
8129
8579
8831
9137
9509
9869
9911
10019
10907
10991
11867
12119
12287
12569
12809
13259
13547
14051
14267
14981
15479
15941
16409
16997
17459
17531
17699
17861
18941
19091
19247
20051
20129
20189
20429
20621
21347
21479
21569
21689
21899
21989
22031
22247
22679
23417
23699
23951
24431
24527
24569
24767
25211
25691
25727
25757
25817
26609
26837
27119
27299
28541
28631
28841
29357
29579
29651
29717
29849
30347
30431
30461
30617
30797
32021
32201
33239
33539
33569
33671
34667
34751
34859
35177
35627
35657
35867
35969
36227
36569
36581
36767
36821
36887
36959
36989
38177
38417
38627
38849
39269
39329
39629
39701
39731
39797
437
767
941
1991
2351
2489
2501
2507
2879
3041
3047
3317
3401
3737
4511
5261
5429
5939
6407
6491
6887
6929
7781
8201
8381
8417
8927
9131
9197
9839
9851
10469
11621
12707
13199
13637
13661
14237
14339
14489
14531
14669
15569
16169
16439
16577
17177
17231
17327
17951
18479
18581
19001
19337
19757
19949
21251
21311
22061
23237
23501
24347
24791
24929
25157
25451
26279
26399
26687
26771
27029
27071
27779
28121
28487
28589
29051
29327
29471
29789
29957
30041
30071
30311
30341
30437
30689
30701
31397
31691
31739
31751
31919
32159
32357
32537
32771
33167
33461
33791
34229
35027
35111
35249
35351
35501
37439
37487
37577
37841
37901
37997
38027
38051
38147
38369
38699
39089
39869
40109
779
947
2669
2981
3131
3587
3791
4097
4757
4847
5237
5819
6227
6521
6707
7571
7751
7769
8081
8297
8777
8807
8987
9641
10541
11231
11771
11951
12191
12329
13967
14927
16019
17111
17501
17567
17777
17891
18017
18371
18761
19391
19487
19499
19679
20309
20969
21029
21209
21269
21731
22259
22397
22457
22901
23837
23879
23999
24497
24509
24581
24737
25001
26519
26849
27269
28001
28421
28697
28727
28781
28799
29369
29549
29711
30257
30641
31307
31811
31991
32477
32957
33011
33161
33701
34547
34637
34787
35009
35597
36299
36347
36647
36737
37001
37727
37949
38291
38789
1409
2039
2411
2957
3971
4139
4769
6527
7541
8147
8189
8369
8507
9059
9389
9827
10349
11411
11561
11957
12137
12371
12401
12629
13589
14291
16619
16799
16841
17249
17429
17447
17741
18647
18749
18857
19547
20201
20801
20957
22199
22409
22511
23159
23249
23489
23531
23729
24317
25091
25229
26081
26147
26291
26417
26651
27227
27329
28079
28367
29219
29231
29381
30101
30197
31049
31529
32231
33419
33497
34271
34709
34871
35849
36359
36521
37151
37187
38429
38891
39251
39257
39461
39479
39881
40067
629
1121
2327
2477
5489
6149
6941
7139
7811
8621
10667
11111
11129
11441
12179
13241
13301
13421
13817
14519
15857
16991
17879
18509
19559
20087
20789
21071
21527
22787
22889
24221
24749
24839
25271
26309
26387
26477
26807
27401
27497
29459
29597
31259
31517
32237
32747
33107
33281
33449
35321
35807
37379
37451
37481
37739
37907
38597
38639
38807
39197
39287
39299
39857
40091
1271
2447
2741
4181
4619
5111
6047
6467
7121
7661
7919
8639
9167
10079
10691
11189
11201
12587
13037
13091
14459
15821
16001
18971
19049
19727
20369
20399
20651
20759
21227
21281
23129
23957
24359
24377
26561
26567
26777
27569
27617
29039
30407
31289
32171
32567
33491
34247
35207
35909
36497
36539
38879
39167
40289
2537
2927
3107
3629
4367
4469
5399
6101
6191
6731
6821
7109
7199
8789
9269
10097
10601
10721
11309
11519
11729
12449
13157
14027
14417
14849
14939
16271
16337
17081
18659
18929
19709
19979
20681
21671
21851
22331
22487
22847
23297
23657
23939
24077
26207
26237
26741
29159
29639
30899
32699
32777
33797
34217
34631
34919
34967
36077
36179
37517
37697
38039
38681
38819
38837
797
839
1217
4661
5357
6437
7409
8891
9101
12281
12557
12617
14039
14141
14171
15551
15677
16109
16349
19127
19631
20927
21389
21941
24299
24671
25349
26447
26501
27491
27929
28331
29117
30731
30881
31667
34337
35057
35921
36137
37859
38357
38957
39899
40139
40247
899
2069
3179
4601
4841
5249
5627
5981
6017
7841
8399
10319
10769
10949
12167
12527
12869
13457
13499
14297
15059
15089
15131
15467
16781
18029
18209
21401
21881
22439
22499
23141
23759
24629
24809
25649
25841
26441
27827
27911
28919
28967
29147
29987
30971
31097
31601
32651
33191
34007
34169
34541
35687
37109
37601
38621
39419
611
2159
2291
4187
6311
7037
8207
9491
11339
11591
11609
12197
13427
17357
17819
18461
18551
18881
19529
19739
22577
22817
22997
24137
25187
26099
26471
26657
26669
27287
27521
27701
28991
28997
30929
31271
32621
32729
33029
33917
34799
35429
36719
36749
37211
37937
38069
38501
2279
2831
3137
3509
5207
6317
13841
15077
15257
17021
18449
18839
20381
21701
22007
23081
23411
23459
23969
27047
30131
30719
33821
35039
35927
36131
38741
38999
39671
587
701
3011
5447
5669
8249
9647
10247
10637
11279
13847
14837
14921
16697
22721
23711
25181
26987
27161
27449
29411
31709
33737
35699
37967
39551
39719
7631
13871
14891
17399
20171
20987
22067
23321
24959
26939
27677
32759
34037
34199
35417
35771
35951
37139
38867
1457
1679
5807
7529
7907
9521
12791
17039
17621
17639
18329
22949
23897
25769
25889
28031
30767
34079
37649
38201
38861
38951
39029
3347
6239
9221
11321
12419
12989
14279
14699
16421
19637
20267
20297
25139
26231
27317
30671
31277
36119
39941
5081
6107
7181
7739
8339
10307
10361
10847
11381
13079
14069
16199
19289
19361
23087
23921
25439
28907
29291
32267
33431
33851
34817
35309
35519
36161
37409
39617
40259
4007
7367
8747
14129
15221
15557
20099
21779
22049
22931
24191
25829
27149
29891
32069
33989
35639
38537
737
5057
5699
10697
16241
21041
25619
29591
30761
35477
4727
10397
13607
18827
19169
21179
23117
26639
33869
35087
851
1157
2897
4631
15389
16319
18677
19319
20939
28757
34331
13451
16769
22361
22829
24821
28451
29501
32129
33389
1571
3089
7709
9251
13031
17051
36191
38021
8651
10559
10901
16367
23801
30827
39971
10961
15191
37421
7247
15101
18797
23381
25241
29777
31889
32819
33977
34427
38279
39539
4607
4871
7157
12701
13619
17867
21167
977
3779
4409
10781
11147
14909
20141
24329
24989
30509
31439
32867
5777
15371
20687
21221
2099
3839
11297
34481
38081
11981
16547
38009
38399
39497
11657
13211
9587
32999
3887
22187
35741
36851
24389
26981
29621
869
6617
19967
33371
38411
40079
19217
7997
32489
5141
10109
12209
12659
12779
20411
17261
20009
27719
4901
33947
21101
17669
10217
11357
