11
17
29
41
59
71
101
107
137
149
167
179
191
197
209
221
227
239
251
269
281
311
317
347
359
377
389
401
407
419
431
437
449
461
479
491
521
527
557
569
587
599
611
617
629
641
647
659
671
689
701
731
737
767
779
797
809
821
827
839
851
857
869
881
899
911
941
947
977
989
1007
1019
1031
1037
1049
1061
1067
1079
1091
1109
1121
1151
1157
1187
1199
1217
1229
1241
1247
1259
1271
1277
1289
1301
1319
1331
1361
1367
1397
1409
1427
1439
1451
1457
1469
1481
1487
1499
1511
1529
1541
1571
1577
1607
1619
1637
1649
1661
1667
1679
1691
1697
1709
1721
1739
1751
1781
1787
1817
1829
1847
1859
1871
1877
1889
1901
1907
1919
1931
1949
1961
1991
1997
2027
2039
2057
2069
2081
2087
2099
2111
2117
2129
2141
2159
2171
2201
2207
2237
2249
2267
2279
2291
2297
2309
2321
2327
2339
2351
2369
2381
2411
2417
2447
2459
2477
2489
2501
2507
2519
2531
2537
2549
2561
2579
2591
2621
2627
2657
2669
2687
2699
2711
2717
2729
2741
2747
2759
2771
2789
2801
2831
2837
2867
2879
2897
2909
2921
2927
2939
2951
2957
2969
2981
2999
3011
3041
3047
3077
3089
3107
3119
3131
3137
3149
3161
3167
3179
3191
3209
3221
3251
3257
3287
3299
3317
3329
3341
3347
3359
3371
3377
3389
3401
3419
3431
3461
3467
3497
3509
3527
3539
3551
3557
3569
3581
3587
3599
3611
3629
3641
3671
3677
3707
3719
3737
3749
3761
3767
3779
3791
3797
3809
3821
3839
3851
3881
3887
3917
3929
3947
3959
3971
3977
3989
4001
4007
4019
4031
4049
4061
4091
4097
4127
4139
4157
4169
4181
4187
4199
4211
4217
4229
4241
4259
4271
4301
4307
4337
4349
4367
4379
4391
4397
4409
4421
4427
4439
4451
4469
4481
4511
4517
4547
4559
4577
4589
4601
4607
4619
4631
4637
4649
4661
4679
4691
4721
4727
4757
4769
4787
4799
4811
4817
4829
4841
4847
4859
4871
4889
4901
4931
4937
4967
4979
4997
5009
5021
5027
5039
5051
5057
5069
5081
5099
5111
5141
5147
5177
5189
5207
5219
5231
5237
5249
5261
5267
5279
5291
5309
5321
5351
5357
5387
5399
5417
5429
5441
5447
5459
5471
5477
5489
5501
5519
5531
5561
5567
5597
5609
5627
5639
5651
5657
5669
5681
5687
5699
5711
5729
5741
5771
5777
5807
5819
5837
5849
5861
5867
5879
5891
5897
5909
5921
5939
5951
5981
5987
6017
6029
6047
6059
6071
6077
6089
6101
6107
6119
6131
6149
6161
6191
6197
6227
6239
6257
6269
6281
6287
6299
6311
6317
6329
6341
6359
6371
6401
6407
6437
6449
6467
6479
6491
6497
6509
6521
6527
6539
6551
6569
6581
6611
6617
6647
6659
6677
6689
6701
6707
6719
6731
6737
6749
6761
6779
6791
6821
6827
6857
6869
6887
6899
6911
6917
6929
6941
6947
6959
6971
6989
7001
7031
7037
7067
7079
7097
7109
7121
7127
7139
7151
7157
7169
7181
7199
7211
7241
7247
7277
7289
7307
7319
7331
7337
7349
7361
7367
7379
7391
7409
7421
7451
7457
7487
7499
7517
7529
7541
7547
7559
7571
7577
7589
7601
7619
7631
7661
7667
7697
7709
7727
7739
7751
7757
7769
7781
7787
7799
7811
7829
7841
7871
7877
7907
7919
7937
7949
7961
7967
7979
7991
7997
8009
8021
8039
8051
8081
8087
8117
8129
8147
8159
8171
8177
8189
8201
8207
8219
8231
8249
8261
8291
8297
8327
8339
8357
8369
8381
8387
8399
8411
8417
8429
8441
8459
8471
8501
8507
8537
8549
8567
8579
8591
8597
8609
8621
8627
8639
8651
8669
8681
8711
8717
8747
8759
8777
8789
8801
8807
8819
8831
8837
8849
8861
8879
8891
8921
8927
8957
8969
8987
8999
9011
9017
9029
9041
9047
9059
9071
9089
9101
9131
9137
9167
9179
9197
9209
9221
9227
9239
9251
9257
9269
9281
9299
9311
9341
9347
9377
9389
9407
9419
9431
9437
9449
9461
9467
9479
9491
9509
9521
9551
9557
9587
9599
9617
9629
9641
9647
9659
9671
9677
9689
9701
9719
9731
9761
9767
9797
9809
9827
9839
9851
9857
9869
9881
9887
9899
9911
9929
9941
9971
9977
10007
10019
10037
10049
10061
10067
10079
10091
10097
10109
10121
10139
10151
10181
10187
10217
10229
10247
10259
10271
10277
10289
10301
10307
10319
10331
10349
10361
10391
10397
10427
10439
10457
10469
10481
10487
10499
10511
10517
10529
10541
10559
10571
10601
10607
10637
10649
10667
10679
10691
10697
10709
10721
10727
10739
10751
10769
10781
10811
10817
10847
10859
10877
10889
10901
10907
10919
10931
10937
10949
10961
10979
10991
11021
11027
11057
11069
11087
11099
11111
11117
11129
11141
11147
11159
11171
11189
11201
11231
11237
11267
11279
11297
11309
11321
11327
11339
11351
11357
11369
11381
11399
11411
11441
11447
11477
11489
11507
11519
11531
11537
11549
11561
11567
11579
11591
11609
11621
11651
11657
11687
11699
11717
11729
11741
11747
11759
11771
11777
11789
11801
11819
11831
11861
11867
11897
11909
11927
11939
11951
11957
11969
11981
11987
11999
12011
12029
12041
12071
12077
12107
12119
12137
12149
12161
12167
12179
12191
12197
12209
12221
12239
12251
12281
12287
12317
12329
12347
12359
12371
12377
12389
12401
12407
12419
12431
12449
12461
12491
12497
12527
12539
12557
12569
12581
12587
12599
12611
12617
12629
12641
12659
12671
12701
12707
12737
12749
12767
12779
12791
12797
12809
12821
12827
12839
12851
12869
12881
12911
12917
12947
12959
12977
12989
13001
13007
13019
13031
13037
13049
13061
13079
13091
13121
13127
13157
13169
13187
13199
13211
13217
13229
13241
13247
13259
13271
13289
13301
13331
13337
13367
13379
13397
13409
13421
13427
13439
13451
13457
13469
13481
13499
13511
13541
13547
13577
13589
13607
13619
13631
13637
13649
13661
13667
13679
13691
13709
13721
13751
13757
13787
13799
13817
13829
13841
13847
13859
13871
13877
13889
13901
13919
13931
13961
13967
13997
14009
14027
14039
14051
14057
14069
14081
14087
14099
14111
14129
14141
14171
14177
14207
14219
14237
14249
14261
14267
14279
14291
14297
14309
14321
14339
14351
14381
14387
14417
14429
14447
14459
14471
14477
14489
14501
14507
14519
14531
14549
14561
14591
14597
14627
14639
14657
14669
14681
14687
14699
14711
14717
14729
14741
14759
14771
14801
14807
14837
14849
14867
14879
14891
14897
14909
14921
14927
14939
14951
14969
14981
15011
15017
15047
15059
15077
15089
15101
15107
15119
15131
15137
15149
15161
15179
15191
15221
15227
15257
15269
15287
15299
15311
15317
15329
15341
15347
15359
15371
15389
15401
15431
15437
15467
15479
15497
15509
15521
15527
15539
15551
15557
15569
15581
15599
15611
15641
15647
15677
15689
15707
15719
15731
15737
15749
15761
15767
15779
15791
15809
15821
15851
15857
15887
15899
15917
15929
15941
15947
15959
15971
15977
15989
16001
16019
16031
16061
16067
16097
16109
16127
16139
16151
16157
16169
16181
16187
16199
16211
16229
16241
16271
16277
16307
16319
16337
16349
16361
16367
16379
16391
16397
16409
16421
16439
16451
16481
16487
16517
16529
16547
16559
16571
16577
16589
16601
16607
16619
16631
16649
16661
16691
16697
16727
16739
16757
16769
16781
16787
16799
16811
16817
16829
16841
16859
16871
16901
16907
16937
16949
16967
16979
16991
16997
17009
17021
17027
17039
17051
17069
17081
17111
17117
17147
17159
17177
17189
17201
17207
17219
17231
17237
17249
17261
17279
17291
17321
17327
17357
17369
17387
17399
17411
17417
17429
17441
17447
17459
17471
17489
17501
17531
17537
17567
17579
17597
17609
17621
17627
17639
17651
17657
17669
17681
17699
17711
17741
17747
17777
17789
17807
17819
17831
17837
17849
17861
17867
17879
17891
17909
17921
17951
17957
17987
17999
18017
18029
18041
18047
18059
18071
18077
18089
18101
18119
18131
18161
18167
18197
18209
18227
18239
18251
18257
18269
18281
18287
18299
18311
18329
18341
18371
18377
18407
18419
18437
18449
18461
18467
18479
18491
18497
18509
18521
18539
18551
18581
18587
18617
18629
18647
18659
18671
18677
18689
18701
18707
18719
18731
18749
18761
18791
18797
18827
18839
18857
18869
18881
18887
18899
18911
18917
18929
18941
18959
18971
19001
19007
19037
19049
19067
19079
19091
19097
19109
19121
19127
19139
19151
19169
19181
19211
19217
19247
19259
19277
19289
19301
19307
19319
19331
19337
19349
19361
19379
19391
19421
19427
19457
19469
19487
19499
19511
19517
19529
19541
19547
19559
19571
19589
19601
19631
19637
19667
19679
19697
19709
19721
19727
19739
19751
19757
19769
19781
19799
19811
19841
19847
19877
19889
19907
19919
19931
19937
19949
19961
19967
19979
19991
20009
20021
20051
20057
20087
20099
20117
20129
20141
20147
20159
20171
20177
20189
20201
20219
20231
20261
20267
20297
20309
20327
20339
20351
20357
20369
20381
20387
20399
20411
20429
20441
20471
20477
20507
20519
20537
20549
20561
20567
20579
20591
20597
20609
20621
20639
20651
20681
20687
20717
20729
20747
20759
20771
20777
20789
20801
20807
20819
20831
20849
20861
20891
20897
20927
20939
20957
20969
20981
20987
20999
21011
21017
21029
21041
21059
21071
21101
21107
21137
21149
21167
21179
21191
21197
21209
21221
21227
21239
21251
21269
21281
21311
21317
21347
21359
21377
21389
21401
21407
21419
21431
21437
21449
21461
21479
21491
21521
21527
21557
21569
21587
21599
21611
21617
21629
21641
21647
21659
21671
21689
21701
21731
21737
21767
21779
21797
21809
21821
21827
21839
21851
21857
21869
21881
21899
21911
21941
21947
21977
21989
22007
22019
22031
22037
22049
22061
22067
22079
22091
22109
22121
22151
22157
22187
22199
22217
22229
22241
22247
22259
22271
22277
22289
22301
22319
22331
22361
22367
22397
22409
22427
22439
22451
22457
22469
22481
22487
22499
22511
22529
22541
22571
22577
22607
22619
22637
22649
22661
22667
22679
22691
22697
22709
22721
22739
22751
22781
22787
22817
22829
22847
22859
22871
22877
22889
22901
22907
22919
22931
22949
22961
22991
22997
23027
23039
23057
23069
23081
23087
23099
23111
23117
23129
23141
23159
23171
23201
23207
23237
23249
23267
23279
23291
23297
23309
23321
23327
23339
23351
23369
23381
23411
23417
23447
23459
23477
23489
23501
23507
23519
23531
23537
23549
23561
23579
23591
23621
23627
23657
23669
23687
23699
23711
23717
23729
23741
23747
23759
23771
23789
23801
23831
23837
23867
23879
23897
23909
23921
23927
23939
23951
23957
23969
23981
23999
24011
24041
24047
24077
24089
24107
24119
24131
24137
24149
24161
24167
24179
24191
24209
24221
24251
24257
24287
24299
24317
24329
24341
24347
24359
24371
24377
24389
24401
24419
24431
24461
24467
24497
24509
24527
24539
24551
24557
24569
24581
24587
24599
24611
24629
24641
24671
24677
24707
24719
24737
24749
24761
24767
24779
24791
24797
24809
24821
24839
24851
24881
24887
24917
24929
24947
24959
24971
24977
24989
25001
25007
25019
25031
25049
25061
25091
25097
25127
25139
25157
25169
25181
25187
25199
25211
25217
25229
25241
25259
25271
25301
25307
25337
25349
25367
25379
25391
25397
25409
25421
25427
25439
25451
25469
25481
25511
25517
25547
25559
25577
25589
25601
25607
25619
25631
25637
25649
25661
25679
25691
25721
25727
25757
25769
25787
25799
25811
25817
25829
25841
25847
25859
25871
25889
25901
25931
25937
25967
25979
25997
26009
26021
26027
26039
26051
26057
26069
26081
26099
26111
26141
26147
26177
26189
26207
26219
26231
26237
26249
26261
26267
26279
26291
26309
26321
26351
26357
26387
26399
26417
26429
26441
26447
26459
26471
26477
26489
26501
26519
26531
26561
26567
26597
26609
26627
26639
26651
26657
26669
26681
26687
26699
26711
26729
26741
26771
26777
26807
26819
26837
26849
26861
26867
26879
26891
26897
26909
26921
26939
26951
26981
26987
27017
27029
27047
27059
27071
27077
27089
27101
27107
27119
27131
27149
27161
27191
27197
27227
27239
27257
27269
27281
27287
27299
27311
27317
27329
27341
27359
27371
27401
27407
27437
27449
27467
27479
27491
27497
27509
27521
27527
27539
27551
27569
27581
27611
27617
27647
27659
27677
27689
27701
27707
27719
27731
27737
27749
27761
27779
27791
27821
27827
27857
27869
27887
27899
27911
27917
27929
27941
27947
27959
27971
27989
28001
28031
28037
28067
28079
28097
28109
28121
28127
28139
28151
28157
28169
28181
28199
28211
28241
28247
28277
28289
28307
28319
28331
28337
28349
28361
28367
28379
28391
28409
28421
28451
28457
28487
28499
28517
28529
28541
28547
28559
28571
28577
28589
28601
28619
28631
28661
28667
28697
28709
28727
28739
28751
28757
28769
28781
28787
28799
28811
28829
28841
28871
28877
28907
28919
28937
28949
28961
28967
28979
28991
28997
29009
29021
29039
29051
29081
29087
29117
29129
29147
29159
29171
29177
29189
29201
29207
29219
29231
29249
29261
29291
29297
29327
29339
29357
29369
29381
29387
29399
29411
29417
29429
29441
29459
29471
29501
29507
29537
29549
29567
29579
29591
29597
29609
29621
29627
29639
29651
29669
29681
29711
29717
29747
29759
29777
29789
29801
29807
29819
29831
29837
29849
29861
29879
29891
29921
29927
29957
29969
29987
29999
30011
30017
30029
30041
30047
30059
30071
30089
30101
30131
30137
30167
30179
30197
30209
30221
30227
30239
30251
30257
30269
30281
30299
30311
30341
30347
30377
30389
30407
30419
30431
30437
30449
30461
30467
30479
30491
30509
30521
30551
30557
30587
30599
30617
30629
30641
30647
30659
30671
30677
30689
30701
30719
30731
30761
30767
30797
30809
30827
30839
30851
30857
30869
30881
30887
30899
30911
30929
30941
30971
30977
31007
31019
31037
31049
31061
31067
31079
31091
31097
31109
31121
31139
31151
31181
31187
31217
31229
31247
31259
31271
31277
31289
31301
31307
31319
31331
31349
31361
31391
31397
31427
31439
31457
31469
31481
31487
31499
31511
31517
31529
31541
31559
31571
31601
31607
31637
31649
31667
31679
31691
31697
31709
31721
31727
31739
31751
31769
31781
31811
31817
31847
31859
31877
31889
31901
31907
31919
31931
31937
31949
31961
31979
31991
32021
32027
32057
32069
32087
32099
32111
32117
32129
32141
32147
32159
32171
32189
32201
32231
32237
32267
32279
32297
32309
32321
32327
32339
32351
32357
32369
32381
32399
32411
32441
32447
32477
32489
32507
32519
32531
32537
32549
32561
32567
32579
32591
32609
32621
32651
32657
32687
32699
32717
32729
32741
32747
32759
32771
32777
32789
32801
32819
32831
32861
32867
32897
32909
32927
32939
32951
32957
32969
32981
32987
32999
33011
33029
33041
33071
33077
33107
33119
33137
33149
33161
33167
33179
33191
33197
33209
33221
33239
33251
33281
33287
33317
33329
33347
33359
33371
33377
33389
33401
33407
33419
33431
33449
33461
33491
33497
33527
33539
33557
33569
33581
33587
33599
33611
33617
33629
33641
33659
33671
33701
33707
33737
33749
33767
33779
33791
33797
33809
33821
33827
33839
33851
33869
33881
33911
33917
33947
33959
33977
33989
34001
34007
34019
34031
34037
34049
34061
34079
34091
34121
34127
34157
34169
34187
34199
34211
34217
34229
34241
34247
34259
34271
34289
34301
34331
34337
34367
34379
34397
34409
34421
34427
34439
34451
34457
34469
34481
34499
34511
34541
34547
34577
34589
34607
34619
34631
34637
34649
34661
34667
34679
34691
34709
34721
34751
34757
34787
34799
34817
34829
34841
34847
34859
34871
34877
34889
34901
34919
34931
34961
34967
34997
35009
35027
35039
35051
35057
35069
35081
35087
35099
35111
35129
35141
35171
35177
35207
35219
35237
35249
35261
35267
35279
35291
35297
35309
35321
35339
35351
35381
35387
35417
35429
35447
35459
35471
35477
35489
35501
35507
35519
35531
35549
35561
35591
35597
35627
35639
35657
35669
35681
35687
35699
35711
35717
35729
35741
35759
35771
35801
35807
35837
35849
35867
35879
35891
35897
35909
35921
35927
35939
35951
35969
35981
36011
36017
36047
36059
36077
36089
36101
36107
36119
36131
36137
36149
36161
36179
36191
36221
36227
36257
36269
36287
36299
36311
36317
36329
36341
36347
36359
36371
36389
36401
36431
36437
36467
36479
36497
36509
36521
36527
36539
36551
36557
36569
36581
36599
36611
36641
36647
36677
36689
36707
36719
36731
36737
36749
36761
36767
36779
36791
36809
36821
36851
36857
36887
36899
36917
36929
36941
36947
36959
36971
36977
36989
37001
37019
37031
37061
37067
37097
37109
37127
37139
37151
37157
37169
37181
37187
37199
37211
37229
37241
37271
37277
37307
37319
37337
37349
37361
37367
37379
37391
37397
37409
37421
37439
37451
37481
37487
37517
37529
37547
37559
37571
37577
37589
37601
37607
37619
37631
37649
37661
37691
37697
37727
37739
37757
37769
37781
37787
37799
37811
37817
37829
37841
37859
37871
37901
37907
37937
37949
37967
37979
37991
37997
38009
38021
38027
38039
38051
38069
38081
38111
38117
38147
38159
38177
38189
38201
38207
38219
38231
38237
38249
38261
38279
38291
38321
38327
38357
38369
38387
38399
38411
38417
38429
38441
38447
38459
38471
38489
38501
38531
38537
38567
38579
38597
38609
38621
38627
38639
38651
38657
38669
38681
38699
38711
38741
38747
38777
38789
38807
38819
38831
38837
38849
38861
38867
38879
38891
38909
38921
38951
38957
38987
38999
39017
39029
39041
39047
39059
39071
39077
39089
39101
39119
39131
39161
39167
39197
39209
39227
39239
39251
39257
39269
39281
39287
39299
39311
39329
39341
39371
39377
39407
39419
39437
39449
39461
39467
39479
39491
39497
39509
39521
39539
39551
39581
39587
39617
39629
39647
39659
39671
39677
39689
39701
39707
39719
39731
39749
39761
39791
39797
39827
39839
39857
39869
39881
39887
39899
39911
39917
39929
39941
39959
39971
40001
40007
40037
40049
40067
40079
40091
40097
40109
40121
40127
40139
40151
40169
40181
40211
40217
40247
40259
40277
40289
40301
40307
40319
