11
17
29
41
59
71
101
107
137
149
167
179
191
197
209
221
227
239
251
269
281
311
317
347
359
377
389
401
407
419
431
437
449
461
479
491
521
527
557
569
587
599
611
617
629
641
647
659
671
689
701
731
737
767
779
797
809
821
827
839
851
857
869
881
899
911
941
947
977
989
1007
1019
1031
1037
1049
1061
1067
1079
1091
1109
1121
1151
1157
1187
1199
1217
1229
1241
1247
1259
1271
1277
1289
1301
1319
1331
1361
1367
1397
1409
1427
1439
1451
1457
1469
1481
1487
1499
1511
1529
1541
1571
1577
1607
1619
1637
1649
1661
1667
1679
1691
1697
1709
1721
1739
1751
1781
1787
1817
1829
1847
1859
1871
1877
1889
1901
1907
1919
1931
1949
1961
1991
1997
2027
2039
2057
2069
2081
2087
2099
2111
2117
2129
2141
2159
2171
2201
2207
2237
2249
2267
2279
2291
2297
2309
2321
2327
2339
2351
2369
2381
2411
2417
2447
2459
2477
2489
2501
2507
2519
2531
2537
2549
2561
2579
2591
2621
2627
2657
2669
2687
2699
2711
2717
2729
2741
2747
2759
2771
2789
2801
2831
2837
2867
2879
2897
2909
2921
2927
2939
2951
2957
2969
2981
2999
3011
3041
3047
3077
3089
3107
3119
3131
3137
3149
3161
3167
3179
3191
3209
3221
3251
3257
3287
3299
3317
3329
3341
3347
3359
3371
3377
3389
3401
3419
3431
3461
3467
3497
3509
3527
3539
3551
3557
3569
3581
3587
3599
3611
3629
3641
3671
3677
3707
3719
3737
3749
3761
3767
3779
3791
3797
3809
3821
3839
3851
3881
3887
3917
3929
3947
3959
3971
3977
3989
4001
4007
4019
4031
4049
4061
4091
4097
4127
4139
4157
4169
4181
4187
4199
4211
4217
4229
4241
4259
4271
4301
4307
4337
4349
4367
4379
4391
4397
4409
4421
4427
4439
4451
4469
4481
4511
4517
4547
4559
4577
4589
4601
4607
4619
4631
4637
4649
4661
4679
4691
4721
4727
4757
4769
4787
4799
4811
4817
4829
4841
4847
4859
4871
4889
4901
4931
4937
4967
4979
4997
5009
5021
5027
5039
